n = 5
m = 5
gamer_name_1 = "Computer_1"
gamer_name_2 = "Computer_2"
Area = []
Area[0] = [[2, 0, 0, 0, 0], [0, 0, 0, 0, 0], [0, 0, 0, 0, 0], [0, 0, 0, 0, 0], [0, 0, 0, 0, 0]]
Area[1] = [[1, 2, 0, 0, 0], [0, 0, 0, 0, 0], [0, 0, 0, 0, 0], [0, 0, 0, 0, 0], [0, 0, 0, 0, 0]]
Area[2] = [[1, 1, 0, 0, 0], [0, 2, 0, 0, 0], [0, 0, 0, 0, 0], [0, 0, 0, 0, 0], [0, 0, 0, 0, 0]]
Area[3] = [[1, 1, 0, 0, 0], [0, 1, 2, 0, 0], [0, 0, 0, 0, 0], [0, 0, 0, 0, 0], [0, 0, 0, 0, 0]]
Area[4] = [[1, 1, 0, 0, 0], [0, 1, 1, 0, 0], [0, 0, 2, 0, 0], [0, 0, 0, 0, 0], [0, 0, 0, 0, 0]]
Area[5] = [[1, 1, 0, 0, 0], [0, 1, 1, 0, 0], [0, 0, 1, 2, 0], [0, 0, 0, 0, 0], [0, 0, 0, 0, 0]]
Area[6] = [[1, 1, 0, 0, 0], [0, 1, 1, 0, 0], [0, 0, 1, 1, 0], [0, 0, 0, 2, 0], [0, 0, 0, 0, 0]]
Area[7] = [[1, 1, 0, 0, 0], [0, 1, 1, 0, 0], [0, 0, 1, 1, 0], [0, 0, 0, 1, 2], [0, 0, 0, 0, 0]]
Area[8] = [[1, 1, 0, 0, 0], [0, 1, 1, 0, 0], [0, 0, 1, 1, 0], [0, 0, 0, 1, 1], [0, 0, 0, 0, 2]]
Winner = 2
steps = ["east", "south", "east", "south", "east", "south", "east", "south"]
